NumCams 1
NumFrames 8 
NumP 8
0 0
-0.000277343 -0.00694242 -0.00996229
0.999996 0.0026614 0.000405788
-0.00266196 0.999996 0.00137132
-0.000402084 -0.00137238 0.999999
0 1
1.063 0.0983842 0.0693079
0.996093 0.00112264 0.0883029
-0.00182728 0.999967 0.00789934
-0.0882911 -0.00802983 0.996062
0 7
-2.14134 -0.0616102 0.370414
0.955086 0.0875279 -0.283108
-0.094064 0.99552 -0.00954914
0.281004 0.0357505 0.959041
0 2
-3.28654 -0.1808 0.84785
0.934156 0.111266 -0.339076
-0.117755 0.993042 0.00144589
0.336877 0.0385772 0.940758
0 3
-4.32607 -0.365149 1.27326
0.924998 0.122573 -0.359659
-0.139008 0.990088 -0.0200863
0.353632 0.0685753 0.932867
0 4
2.40069 0.0684801 0.196637
0.98431 -0.0293313 0.173994
0.0209763 0.998546 0.049665
-0.175198 -0.045236 0.983494
0 5
-6.48136 -0.73308 3.3734
0.704817 0.140838 -0.695268
-0.235889 0.970852 -0.0424674
0.669021 0.193938 0.717495
0 6
-7.54514 -1.01121 4.60895
0.609655 0.141236 -0.779983
-0.240891 0.970471 -0.0125579
0.755177 0.195547 0.625674
