NumCams 1
NumFrames 8 
NumP 8
0 1
-0.00815631 0.00802333 -0.00756741
0.999999 0.00130058 -0.000719547
-0.00129939 0.999998 0.00165546
0.000721651 -0.00165453 0.999998
0 7
-0.971085 -0.0406692 0.17169
0.926127 0.084693 -0.367581
-0.0942404 0.995517 -0.00806701
0.36525 0.0421121 0.929956
0 0
-0.333388 -0.023941 -0.00256185
0.996023 0.00220481 -0.0890654
-0.00264068 0.999985 -0.00477618
0.0890535 0.00499236 0.996014
0 3
-1.60574 -0.12588 0.5053
0.889487 0.119822 -0.440971
-0.140081 0.990047 -0.0135415
0.43496 0.0738167 0.897419
0 2
-1.30257 -0.0742419 0.346257
0.900491 0.108752 -0.421057
-0.117334 0.993077 0.00556165
0.418747 0.0443959 0.907017
0 4
0.388704 0.00675796 -0.000609532
0.996084 -0.0296921 0.0832817
0.0262138 0.99875 0.0425528
-0.0844411 -0.0402031 0.995617
0 5
-2.20685 -0.237923 1.19735
0.640094 0.135838 -0.756193
-0.238539 0.970742 -0.0275379
0.730328 0.198008 0.653769
0 6
-2.50183 -0.3211 1.60641
0.536989 0.135177 -0.832689
-0.240611 0.970619 0.00240147
0.808548 0.199064 0.553736
