NumCams 1
NumFrames 69 
NumP 62
0 19
-0.020178 -0.0490734 0.032198
0.999966 -0.00102497 -0.00813103
0.000938295 0.999943 -0.0106558
0.00814146 0.0106478 0.99991
0 22
0.856098 -0.472161 0.306268
0.983719 0.174497 0.0429856
-0.165838 0.973577 -0.15699
-0.069244 0.147306 0.986664
0 21
0.509052 -0.400819 0.158685
0.987577 0.155176 -0.0247567
-0.156792 0.983547 -0.0897347
0.0104246 0.0925015 0.995658
0 20
0.150531 -0.248842 0.0218348
0.996972 0.0721457 0.0290232
-0.0716453 0.997269 -0.0179276
-0.0302373 0.0157939 0.999418
0 18
-0.103956 0.186292 0.119632
0.992186 -0.104101 0.0687692
0.110248 0.989578 -0.092635
-0.0584091 0.0994929 0.993322
0 17
-0.141646 0.346808 0.303766
0.985251 -0.169192 0.0256029
0.170156 0.952847 -0.251254
0.0181144 0.251905 0.967582
0 57
0.663314 0.367061 1.18365
0.952982 -0.203431 0.224592
0.237929 0.961308 -0.138838
-0.187658 0.185747 0.964512
0 11
1.50432 0.285066 0.419062
0.886779 -0.170816 -0.429471
0.105575 0.979496 -0.171588
0.449975 0.106819 0.88663
0 13
0.869437 0.432064 0.555115
0.909694 -0.28755 -0.299619
0.18772 0.928303 -0.320959
0.370429 0.23573 0.898451
0 16
-0.0384181 0.469056 0.50151
0.968764 -0.239649 -0.0637582
0.204054 0.916449 -0.344214
0.140922 0.320452 0.936724
0 15
0.218427 0.526818 0.584018
0.946725 -0.292749 -0.134204
0.217935 0.889199 -0.402281
0.237101 0.351601 0.905627
0 14
0.563951 0.50262 0.638384
0.922572 -0.305012 -0.23628
0.18407 0.886169 -0.425233
0.339085 0.348816 0.873698
0 56
0.726311 0.584289 0.789383
0.933323 -0.179679 0.310843
0.231566 0.962879 -0.138711
-0.274381 0.201443 0.940285
0 10
1.74129 0.2338 0.410883
0.956594 -0.230774 -0.177967
0.191127 0.957802 -0.214678
0.219999 0.171345 0.960334
0 9
1.91252 0.199178 0.480872
0.972314 -0.233535 0.00823951
0.230329 0.951824 -0.202433
0.0394325 0.198726 0.979262
0 12
1.19318 0.360846 0.50209
0.881258 -0.270717 -0.387424
0.184325 0.951658 -0.245706
0.435212 0.145118 0.888556
0 28
2.07589 0.486289 0.0259548
0.882366 -0.269535 -0.385722
0.177506 0.949796 -0.257641
0.435801 0.158866 0.885912
0 27
2.18991 0.418024 0.224076
0.914152 -0.276267 -0.296653
0.230084 0.956115 -0.181396
0.333748 0.0975688 0.937599
0 37
1.34769 0.257959 0.253287
0.278235 -0.0817986 -0.957024
0.159169 0.986518 -0.0380443
0.947233 -0.141743 0.287504
0 36
1.08398 0.362824 -0.0052069
0.162753 -0.123664 -0.978886
0.162908 0.981866 -0.0969548
0.973125 -0.143689 0.179947
0 38
1.71892 0.108712 0.682213
0.31219 -0.126365 -0.941578
0.201944 0.97729 -0.0642013
0.928308 -0.170103 0.330619
0 35
0.937544 0.537336 -0.200009
0.0899441 -0.130226 -0.987396
0.165933 0.979517 -0.114072
0.982027 -0.153581 0.109711
0 47
2.56098 0.554564 -0.179327
0.455652 -0.177109 -0.872361
0.176966 0.978469 -0.106218
0.87239 -0.10598 0.477184
0 34
0.987226 0.751173 -0.469556
-0.0648487 -0.0368722 -0.997214
0.0233371 0.998988 -0.0384554
0.997622 -0.0257659 -0.0639225
0 33
1.0711 0.845582 -0.743684
-0.161652 -0.0775863 -0.983793
-0.0340789 0.996749 -0.0730084
0.986259 0.0217246 -0.16377
0 39
2.07144 0.1004 1.16387
0.374676 -0.126196 -0.918527
0.199278 0.978501 -0.0531487
0.905487 -0.163128 0.391768
0 49
2.44704 0.658728 -1.10824
0.105292 -0.110413 -0.988293
0.0894121 0.990843 -0.101172
0.990414 -0.0777128 0.1142
0 40
2.2685 0.192768 1.51758
0.471893 -0.137095 -0.870931
0.148988 0.98603 -0.0744874
0.868976 -0.0946079 0.485726
0 41
2.5482 0.33249 1.68539
0.462494 -0.084939 -0.882545
0.12735 0.991443 -0.0286827
0.877429 -0.0991262 0.469353
0 44
2.84432 0.552888 1.07344
0.617769 -0.223794 -0.753842
0.204774 0.971357 -0.120557
0.759229 -0.0798908 0.645902
0 43
2.89961 0.527537 1.39013
0.481743 -0.154328 -0.862616
0.196443 0.978337 -0.0653245
0.85401 -0.137985 0.501624
0 42
2.81529 0.492636 1.60552
0.4411 -0.130701 -0.887889
0.202629 0.978296 -0.0433442
0.874284 -0.160793 0.458011
0 45
2.68459 0.587343 0.736659
0.65688 -0.223927 -0.719976
0.170633 0.974257 -0.147335
0.734434 -0.02607 0.678179
0 26
2.22149 0.175873 0.496833
0.95155 -0.211982 -0.222744
0.207653 0.977259 -0.0429593
0.226785 -0.00537563 0.97393
0 30
1.69988 0.642827 -0.741805
0.496087 -0.265204 -0.82678
0.0901512 0.962798 -0.254741
0.86358 0.0518386 0.50154
0 7
2.10459 0.0737974 0.790756
0.81237 -0.1343 0.567466
0.250214 0.959264 -0.131174
-0.526733 0.24855 0.812881
0 48
2.50973 0.533458 -0.667443
0.293717 -0.148275 -0.944322
0.146192 0.983242 -0.108915
0.944647 -0.106062 0.310471
0 68
2.39158 0.105974 1.77535
0.867171 -0.254002 -0.428365
0.07661 0.917954 -0.38922
0.492082 0.304703 0.815482
0 32
1.21661 0.879475 -1.05409
-0.152012 -0.142304 -0.978081
-0.0727143 0.988509 -0.132521
0.9857 0.0509757 -0.160613
0 46
2.56613 0.57391 0.334928
0.58099 -0.188716 -0.79173
0.2011 0.975873 -0.085036
0.788675 -0.109812 0.604923
0 52
1.61499 0.92682 -0.129802
0.808517 -0.031059 -0.587652
-0.0778503 0.984184 -0.159126
0.5833 0.174405 0.793312
0 31
1.48777 0.71252 -1.08134
0.184562 -0.210459 -0.960023
0.081888 0.9767 -0.198372
0.979404 -0.0420025 0.197496
0 23
1.21672 -0.477209 0.52754
0.986824 0.139663 0.0816821
-0.13046 0.98546 -0.10885
-0.0956967 0.096759 0.990697
0 67
2.48649 0.00135639 2.1419
0.837529 -0.279104 -0.469729
0.160222 0.947353 -0.277222
0.522373 0.15692 0.838154
0 64
2.16073 -0.353951 2.83308
0.894325 -0.072096 -0.441571
0.0153519 0.991296 -0.130758
0.447155 0.110161 0.887647
0 66
2.49939 -0.0965869 2.43132
0.845454 -0.203417 -0.49379
0.104219 0.969685 -0.221021
0.52378 0.1354 0.841024
0 65
2.34634 -0.186416 2.66149
0.848143 -0.112908 -0.517596
0.0174071 0.982436 -0.185784
0.529482 0.148561 0.835212
0 25
2.00086 -0.0669322 0.752102
0.992556 -0.0914416 -0.0804471
0.0939239 0.995196 0.0276242
0.0775346 -0.0349745 0.996376
0 51
1.9101 0.895802 -0.464362
0.676482 -0.152652 -0.720465
0.0364936 0.984028 -0.174231
0.735554 0.0915715 0.671249
0 63
1.8868 -0.375839 2.89754
0.952107 -0.0567092 -0.30046
0.0124343 0.989019 -0.147267
0.305512 0.136477 0.942357
0 58
0.595991 0.285889 1.62457
0.931385 -0.232376 0.28022
0.265083 0.960511 -0.0845574
-0.249506 0.153037 0.956204
0 29
1.95692 0.509538 -0.335615
0.681321 -0.281395 -0.675736
0.162557 0.958269 -0.235149
0.713707 0.0503666 0.698631
0 50
2.18298 0.825224 -0.913822
0.346695 -0.273273 -0.897287
0.0710948 0.961523 -0.265366
0.93528 0.0282086 0.352783
0 62
1.51544 -0.345109 2.80786
0.984091 -0.061033 -0.166851
0.0266669 0.979245 -0.200919
0.175651 0.193273 0.965294
0 55
0.856373 0.801589 0.533731
0.978932 -0.107208 0.173778
0.145164 0.963933 -0.223069
-0.143595 0.243596 0.959188
0 8
2.05451 0.138271 0.602367
0.916501 -0.178737 0.357882
0.275858 0.930279 -0.241835
-0.289705 0.320367 0.901907
0 61
1.05826 -0.276962 2.73391
0.991151 -0.119277 -0.0582484
0.107214 0.978081 -0.178499
0.0782624 0.170674 0.982215
0 24
1.66755 -0.352009 0.786704
0.997137 0.0606772 0.0451185
-0.0624786 0.997258 0.0396488
-0.042589 -0.0423542 0.998195
0 59
0.642173 0.0633693 2.06984
0.970037 -0.185989 0.15632
0.203723 0.973248 -0.106229
-0.132381 0.134892 0.981977
0 54
1.09514 0.92724 0.315531
0.997119 -0.0671887 0.0351943
0.0741291 0.961489 -0.264657
-0.016057 0.266503 0.9637
0 60
0.796705 -0.114051 2.42209
0.990901 -0.109286 0.0785567
0.122505 0.974084 -0.190137
-0.0557414 0.198031 0.97861
0 6
2.17853 0.0775893 1.10553
0.905755 -0.143569 0.398742
0.230257 0.956598 -0.178609
-0.355794 0.253589 0.899502
