NumCams 1
NumFrames 8 
NumP 8
0 4
0.00198254 -0.00716028 -0.0220895
0.999996 0.00210126 0.00207561
-0.00210294 0.999997 0.000810802
-0.00207386 -0.000815198 0.999997
0 7
-0.994336 -0.0727125 0.194247
0.88932 0.0950595 -0.447296
-0.126519 0.99112 -0.0409129
0.439435 0.092976 0.89345
0 1
-0.297579 -0.017792 0.000457695
0.995391 0.0282412 -0.0916471
-0.0319657 0.998711 -0.0394292
0.0904154 0.0421771 0.995011
0 3
-1.44334 -0.142412 0.48501
0.845692 0.124755 -0.518885
-0.17227 0.984059 -0.0441735
0.505103 0.126746 0.853702
0 2
-1.22998 -0.102058 0.344966
0.859128 0.115087 -0.498653
-0.147995 0.988625 -0.0268095
0.489895 0.096831 0.866387
0 0
-0.533454 -0.0476801 0.0252868
0.984772 0.0259666 -0.171904
-0.0341372 0.998415 -0.0447455
0.170469 0.0499324 0.984097
0 6
-2.03231 -0.26443 1.36242
0.457573 0.110722 -0.882251
-0.269346 0.962859 -0.018856
0.847396 0.246259 0.470401
0 5
-1.85164 -0.21188 1.04803
0.567494 0.116672 -0.81507
-0.268164 0.962127 -0.048988
0.778485 0.246373 0.577288
