NumCams 1
NumFrames 8 
NumP 8
0 5
0.0698791 0.00594268 0.0535991
0.999991 0.00134803 0.00413013
-0.00133575 0.999995 -0.00297469
-0.00413409 0.00296919 0.999987
0 6
-1.00059 -0.0341152 0.132249
0.992319 0.0272556 -0.120667
-0.0255466 0.999551 0.0156877
0.12104 -0.0124846 0.992569
0 3
2.04064 -0.0172285 0.0847536
0.917214 -0.0811744 0.390037
0.0528847 0.995166 0.0827495
-0.394869 -0.055272 0.917073
0 2
2.7229 -0.0476785 0.358483
0.907692 -0.0950787 0.408725
0.0530488 0.992178 0.112993
-0.416271 -0.0808807 0.905636
0 7
3.47072 -0.135688 0.653147
0.879885 -0.125457 0.458327
0.0778948 0.989551 0.121328
-0.468759 -0.071053 0.880464
0 0
4.62267 -0.411848 1.41896
0.701186 -0.230183 0.674799
0.134649 0.972172 0.191706
-0.700148 -0.0435607 0.712667
0 4
5.62425 -0.711631 2.56582
0.564881 -0.265183 0.781401
0.115992 0.96307 0.242984
-0.816979 -0.0466211 0.574779
0 1
5.08014 -0.510035 1.93305
0.636623 -0.234537 0.734645
0.130839 0.971669 0.196826
-0.759995 -0.0291841 0.649274
